[gd_scene load_steps=6 format=3 uid="uid://b2tjmlptu81xy"]

[ext_resource type="PackedScene" uid="uid://c1rnwuckdbdon" path="res://scenes/world/GameGlobe.tscn" id="1_n7di7"]
[ext_resource type="PackedScene" uid="uid://cwtn180ee6nw8" path="res://scenes/player/player.tscn" id="2_xur1j"]

[sub_resource type="ProceduralSkyMaterial" id="ProceduralSkyMaterial_ufb2q"]
sky_top_color = Color(0.217712, 0.699647, 0.960938, 1)
sky_horizon_color = Color(0.219608, 0.698039, 0.960784, 1)
ground_bottom_color = Color(0.219608, 0.698039, 0.960784, 1)
ground_horizon_color = Color(0.219608, 0.698039, 0.960784, 1)

[sub_resource type="Sky" id="Sky_672je"]
sky_material = SubResource("ProceduralSkyMaterial_ufb2q")

[sub_resource type="Environment" id="Environment_26xqv"]
background_mode = 2
background_color = Color(0.119751, 0.7315, 0.851563, 1)
sky = SubResource("Sky_672je")
fog_mode = 1
fog_density = 1.0
fog_depth_begin = 200.0
fog_depth_end = 200.0
volumetric_fog_emission = Color(0.046875, 0.910645, 1, 1)

[node name="Level1" type="Node3D"]

[node name="WorldEnvironment" type="WorldEnvironment" parent="."]
environment = SubResource("Environment_26xqv")

[node name="DirectionalLight3D" type="DirectionalLight3D" parent="."]
transform = Transform3D(1, 0, 0, 0, -0.866025, 0.5, 0, -0.5, -0.866025, 0, 3.26051, 0)

[node name="Camera3D" type="Camera3D" parent="."]
transform = Transform3D(1, 0, 0, 0, 0.971566, 0.23677, 0, -0.23677, 0.971566, 0.036, 516.134, 134.103)

[node name="GameGlobe" parent="." instance=ExtResource("1_n7di7")]

[node name="Player" parent="." instance=ExtResource("2_xur1j")]
transform = Transform3D(-0.999701, 0.0231728, -0.00785214, 0.0204685, 0.616263, -0.787274, -0.0134044, -0.787199, -0.616553, 0, 534.239, 97)
