[gd_scene load_steps=8 format=3 uid="uid://d0x0l2bg21gy0"]

[ext_resource type="PackedScene" uid="uid://3rvmrijmbdl0" path="res://scenes/world/custom_environment.tscn" id="1_eo700"]
[ext_resource type="PackedScene" uid="uid://c1rnwuckdbdon" path="res://scenes/world/GameGlobe.tscn" id="2_t62dd"]
[ext_resource type="PackedScene" uid="uid://cwtn180ee6nw8" path="res://scenes/player/player.tscn" id="3_5dkun"]
[ext_resource type="Resource" uid="uid://byjr2bbbdnskp" path="res://resources/custom/level_data/first_person_endless_data.tres" id="3_rcsm1"]
[ext_resource type="PackedScene" uid="uid://bj45q8xq7lgpo" path="res://scenes/ui/game_ui.tscn" id="4_rcsm1"]
[ext_resource type="Texture2D" uid="uid://bp1cbsjw2y1p7" path="res://resources/assets/models/ICBM/UVs/ICBM_Engine_UV_active.png" id="4_t62dd"]

[sub_resource type="StandardMaterial3D" id="StandardMaterial3D_5dkun"]
resource_local_to_scene = true
albedo_texture = ExtResource("4_t62dd")
emission_enabled = true
emission = Color(0.923906, 0, 0.246785, 1)
emission_energy_multiplier = 0.15

[node name="FirstPersonEndless" type="Node3D"]

[node name="CustomEnvironment" parent="." instance=ExtResource("1_eo700")]

[node name="DirectionalLight3D" type="DirectionalLight3D" parent="."]
transform = Transform3D(1, 0, 0, 0, -0.866025, 0.5, 0, -0.5, -0.866025, 0, 3.26051, 0)
shadow_enabled = true
directional_shadow_max_distance = 200.0

[node name="GameGlobe" parent="." instance=ExtResource("2_t62dd")]
sky_color = Color(0.35133, 0.729302, 0.730476, 1)
planet_color = Color(0.202301, 0.467725, 0.299507, 1)
globe_visual_radius = 500.0
level_data = ExtResource("3_rcsm1")

[node name="Player" parent="." instance=ExtResource("3_5dkun")]
transform = Transform3D(1, -0.000409997, 0.00013332, 6.80056e-05, 0.455381, 0.890297, -0.000425731, -0.890296, 0.455381, 0, 499.303, 97)

[node name="RightEngine" parent="Player/ICBMCharacter/RocketModel" index="2"]
surface_material_override/0 = SubResource("StandardMaterial3D_5dkun")

[node name="CenterEngine" parent="Player/ICBMCharacter/RocketModel" index="3"]
surface_material_override/0 = SubResource("StandardMaterial3D_5dkun")

[node name="LeftEngine" parent="Player/ICBMCharacter/RocketModel" index="4"]
surface_material_override/0 = SubResource("StandardMaterial3D_5dkun")

[node name="Face" parent="Player/ICBMCharacter/RocketModel" index="7"]
visible = false

[node name="Camera3D" type="Camera3D" parent="Player/ICBMCharacter/RocketModel" index="8"]
transform = Transform3D(1, 5.02405e-09, -3.20142e-10, 0, 0.338738, -0.940881, -1.45519e-11, 0.940881, 0.338738, 0, 4.19498, 0.660004)
current = true

[node name="GameUI" parent="." instance=ExtResource("4_rcsm1")]

[editable path="Player"]
[editable path="Player/ICBMCharacter"]
[editable path="Player/ICBMCharacter/RocketModel"]
[editable path="GameUI"]
